SNR阈值

-----------1.8------------

DG = [1,3,4,5,6,7,8,9,10,11,12,13,14,15,16,17,18,19,20,21,22,23,24,25,26,27,28,29,30,31,32,35,36,37,39,40,41,42,43,44,46,47,48,49,50,51,52,53,54,55,56,57,58,59,60,61,62,63,64,65,66,67,68,69,70,71,72,73,74,75,78,79,80,83,84,85,86,87,88,89,90,91,92,93,94,95,96]
QQ_new = [1,5,6,7,8,9,10,11,12,13,14,15,16,17,18,19,20,21,22,23,24,25,26,27,28,29,31,32,34,35,36,37,38,39,40,42,43,44,45,46,47,48,49,50,52,53,54,55,56,57,58,59,60,62,63,64,66,67,68,72,73,74,75,76,77,79,80,81,83,84,85,88,89,90,91,92,93,95]
QQ_old = [1,3,5,6,7,8,9,10,11,12,13,14,15,16,17,18,19,20,21,22,23,24,25,26,27,28,29,31,32,33,34,35,36,37,38,39,42,43,44,45,46,47,48,49,50,51,52,53,54,55,56,57,58,59,60,61,62,63,64,66,67,68,69,71,74,75,76,77,78,80,81,82,83,84,85,86,87,88,89,90,91,92,93,95]

-----------2.1------------

DG = [4,5,6,7,8,9,10,11,12,13,14,15,16,17,18,19,20,21,22,23,24,25,26,27,28,29,30,31,32,36,37,39,40,42,43,44,46,47,48,49,50,51,52,53,54,55,56,57,58,59,60,61,62,63,64,73,75,79,80,84,85,86,87,88,89,90,91,92,93,94,95,96]
QQ_new = [5,6,7,8,9,10,11,12,13,14,15,16,17,18,19,20,21,22,23,24,25,26,27,28,29,32,35,36,39,42,43,44,45,46,47,48,49,50,52,54,55,56,57,58,59,60,62,63,64,72,74,75,77,79,80,81,83,85,88,89,91,92,93,95]
QQ_old = [5,6,8,9,10,11,12,13,14,15,16,17,18,19,20,21,22,23,24,25,26,27,28,29,31,32,35,36,38,39,43,46,48,49,51,52,54,55,56,58,59,60,61,62,63,64,67,74,75,76,77,78,80,81,83,84,85,86,87,88,89,90,92,93,95]

-----------2.4------------

DG = [5,6,8,9,10,11,12,13,14,15,16,17,18,19,20,21,22,23,24,25,26,27,28,29,30,31,32,40,42,43,44,46,49,50,51,52,53,54,55,56,57,58,59,60,61,62,63,64,86,87,88,89,90,91,92,93,94,95,96]
QQ_new = [5,6,8,10,13,14,15,17,18,19,20,22,24,25,27,28,32,42,43,44,46,47,48,50,52,54,55,56,58,59,60,62,63,64,74,75,77,79,80,81,83,85,95]
QQ_old = [5,9,10,14,18,19,20,21,22,23,24,25,26,27,28,29,31,32,36,43,46,52,56,59,61,62,63,64,67,74,75,76,77,81,83,84,85,86,88,90,92,95]


百分比阈值

------------40%-----------

DG = [8,12,15,16,18,19,20,21,22,23,24,25,26,27,28,29,30,31,32,42,46,50,52,54,55,56,57,58,59,60,61,62,63,64,91,93,94,95,96]
QQ_new = [6,8,10,13,14,17,18,19,20,22,24,25,27,32,42,43,44,46,47,50,52,54,55,56,58,59,60,62,63,64,74,75,77,79,81,83,85,95]
QQ_old = [5,9,10,14,18,19,21,22,23,24,25,26,28,29,31,32,36,43,46,52,56,59,61,62,63,64,67,74,75,76,77,81,83,84,85,86,88,92,95]

-----------60%------------

DG = [5,6,8,9,10,11,12,13,14,15,16,17,18,19,20,21,22,23,24,25,26,27,28,29,30,31,32,40,42,44,46,49,50,51,52,53,54,55,56,57,58,59,60,61,62,63,64,86,87,88,89,90,91,92,93,94,95,96]
QQ_new = [5,6,7,8,9,10,11,12,13,14,15,16,17,18,19,20,21,22,23,24,25,26,27,28,29,32,36,39,42,43,44,46,47,48,50,52,54,55,56,58,59,60,62,63,64,74,75,77,79,80,81,83,85,88,89,92,95]
QQ_old = [5,6,8,9,10,12,13,14,16,17,18,19,20,21,22,23,24,25,26,27,28,29,31,32,35,36,39,43,46,48,52,54,55,56,58,59,60,61,62,63,64,67,74,75,76,77,78,81,83,84,85,86,87,88,89,90,92,95]

----------80%-------------

DG = [3,4,5,6,7,8,9,10,11,12,13,14,15,16,17,18,19,20,21,22,23,24,25,26,27,28,29,30,31,32,35,36,37,39,40,42,43,44,46,47,48,49,50,51,52,53,54,55,56,57,58,59,60,61,62,63,64,71,72,73,74,75,79,80,84,85,86,87,88,89,90,91,92,93,94,95,96]
QQ_new = [1,5,6,7,8,9,10,11,12,13,14,15,16,17,18,19,20,21,22,23,24,25,26,27,28,29,31,32,34,35,36,37,38,39,42,43,44,45,46,47,48,49,50,52,53,54,55,56,57,58,59,60,62,63,64,67,68,72,73,74,75,76,77,79,80,81,83,84,85,88,89,90,91,92,93,95]
QQ_old = [5,6,7,8,9,10,11,12,13,14,15,16,17,18,19,20,21,22,23,24,25,26,27,28,29,31,32,33,34,35,36,37,38,39,42,43,45,46,47,48,49,51,52,53,54,55,56,57,58,59,60,61,62,63,64,66,67,71,74,75,76,77,78,80,81,83,84,85,86,87,88,89,90,91,92,93,95]
